190004190010  471.10
190104190110  445.63
190204190210  258.47
190304190310  485.33
190404190410  410.81
190504190510  508.73
190604190610  503.05
190704190710  358.87
190804190810  418.85
190904190910  542.00
191004191010  447.18
191104191110  377.91
191204191210  388.52
191304191310  373.48
191404191410  225.40
191504191510  507.62
191604191610  534.90
191704191710  596.09
191804191810  455.49
191904191910  347.84
192004192010  500.35
192104192110  460.85
192204192210  422.72
192304192310  533.77
192404192410  399.41
192504192510  363.30
192604192610  467.16
192704192710  372.92
192804192810  383.77
192904192910  365.37
193004193010  434.51
193104193110  492.94
193204193210  468.24
193304193310  417.06
193404193410  441.21
193504193510  476.27
193604193610  465.24
193704193710  340.53
193804193810  271.72
193904193910  515.99
194004194010  287.77
194104194110  369.35
194204194210  497.54
194304194310  386.83
194404194410  319.56
194504194510  372.12
194604194610  388.18
194704194710  447.38
194804194810  446.02
194904194910  387.83
195004195010  401.91
195104195110  553.91
195204195210  604.23
195304195310  496.42
195404195410  372.36
195504195510  536.72
195604195610  653.93
195704195710  366.18
195804195810  506.82
195904195910  361.44
196004196010  566.13
196104196110  397.57
196204196210  434.71
196304196310  464.46
196404196410  596.67
196504196510  385.33
196604196610  421.09
196704196710  262.62
196804196810  522.44
196904196910  382.73
197004197010  467.56
197104197110  450.55
197204197210  296.66
197304197310  541.16
197404197410  663.13
197504197510  557.89
197604197610  368.86
197704197710  365.32
197804197810  543.22
197904197910  431.90
198004198010  449.07
198104198110  516.48
198204198210  226.14
198304198310  539.60
198404198410  415.46
198504198510  448.63
198604198610  510.44
198704198710  400.28
198804198810  454.67
198904198910  539.56
199004199010  482.27
199104199110  461.29
199204199210  562.29
199304199310  453.91
199404199410  281.42
199504199510  508.45
199604199610  480.34
199704199710  313.53
199804199810  427.66
199904199910  349.01
200004200010  474.32
200104200110  418.66
200204200210  295.17
200304200310  438.00
200404200410  375.74
200504200510  388.91
200604200610  253.18
200704200710  353.56
200804200810  272.90
200904200910  386.61
201004201010  489.37
201104201110  371.46
201204201210  369.60
201304201310  442.99
201404201410  377.82
201504201510  317.20
201604201610  573.88
201704201710  376.91
201804201810  298.33
201904201910  347.19
202004202010  455.62
202104202110  439.50
202204202210  574.17
202304202310  383.76
202404202410  314.39
202504202510  338.73
