190004190010  782.74
190104190110  971.48
190204190210  647.82
190304190310 1004.32
190404190410  864.94
190504190510  979.48
190604190610 1212.82
190704190710 1035.43
190804190810  699.65
190904190910  926.23
191004191010 1113.28
191104191110  738.64
191204191210  944.98
191304191310  765.89
191404191410  706.20
191504191510 1111.97
191604191610 1009.24
191704191710 1162.71
191804191810  910.13
191904191910  822.21
192004192010  901.02
192104192110  940.19
192204192210  842.91
192304192310 1133.16
192404192410  966.84
192504192510  750.72
192604192610  985.96
192704192710  803.18
192804192810 1112.95
192904192910  981.02
193004193010  799.62
193104193110 1162.43
193204193210  809.99
193304193310  763.51
193404193410  747.80
193504193510  923.78
193604193610 1036.07
193704193710  710.09
193804193810  832.09
193904193910 1158.80
194004194010  697.19
194104194110  790.73
194204194210 1021.62
194304194310  867.78
194404194410  897.62
194504194510  783.59
194604194610 1063.25
194704194710 1238.22
194804194810 1079.70
194904194910  776.87
195004195010  684.30
195104195110  923.38
195204195210 1235.94
195304195310 1029.91
195404195410  893.06
195504195510 1038.54
195604195610 1155.76
195704195710  800.29
195804195810 1184.90
195904195910  759.16
196004196010 1076.11
196104196110  809.32
196204196210 1078.25
196304196310  694.94
196404196410 1066.16
196504196510  889.59
196604196610  860.76
196704196710  684.44
196804196810 1204.36
196904196910  857.83
197004197010 1155.53
197104197110 1130.88
197204197210  797.56
197304197310 1050.83
197404197410 1067.23
197504197510 1171.48
197604197610  807.18
197704197710  787.78
197804197810  870.81
197904197910  913.89
198004198010 1057.45
198104198110 1045.74
198204198210  711.01
198304198310  833.28
198404198410  972.71
198504198510  772.78
198604198610 1010.27
198704198710  704.65
198804198810 1092.40
198904198910  866.90
199004199010  900.04
199104199110  943.35
199204199210 1029.39
199304199310  858.16
199404199410  983.37
199504199510  879.61
199604199610 1019.11
199704199710  785.63
199804199810  849.59
199904199910  723.57
200004200010  942.97
200104200110  903.20
200204200210  998.50
200304200310 1094.33
200404200410  960.28
200504200510  953.77
200604200610  775.42
200704200710  856.64
200804200810  727.30
200904200910 1085.56
201004201010  907.34
201104201110  882.47
201204201210  920.90
201304201310 1090.57
201404201410  800.53
201504201510  689.53
201604201610 1305.40
201704201710  823.81
201804201810  887.91
201904201910  903.35
202004202010  868.78
202104202110  985.58
202204202210  947.80
202304202310  862.82
202404202410  879.00
202504202510  854.04
