190004190010  289.01
190104190110  268.67
190204190210  136.22
190304190310  350.26
190404190410  276.60
190504190510  297.90
190604190610  326.36
190704190710  178.98
190804190810  233.10
190904190910  266.32
191004191010  223.84
191104191110  206.35
191204191210  255.11
191304191310  305.14
191404191410  192.20
191504191510  263.92
191604191610  409.28
191704191710  293.18
191804191810  220.58
191904191910  180.86
192004192010  358.00
192104192110  402.08
192204192210  221.74
192304192310  283.58
192404192410  253.03
192504192510  246.21
192604192610  276.32
192704192710  179.46
192804192810  204.65
192904192910  211.81
193004193010  321.19
193104193110  357.01
193204193210  262.42
193304193310  285.47
193404193410  335.99
193504193510  223.48
193604193610  221.87
193704193710  185.61
193804193810  257.19
193904193910  298.83
194004194010  157.80
194104194110  147.19
194204194210  284.49
194304194310  253.78
194404194410  187.32
194504194510  299.37
194604194610  157.04
194704194710  247.28
194804194810  269.02
194904194910  331.01
195004195010  490.50
195104195110  271.42
195204195210  415.91
195304195310  242.17
195404195410  251.39
195504195510  368.10
195604195610  417.71
195704195710  159.79
195804195810  294.26
195904195910  264.46
196004196010  278.37
196104196110  241.14
196204196210  273.53
196304196310  351.18
196404196410  335.86
196504196510  211.11
196604196610  238.56
196704196710  230.62
196804196810  259.77
196904196910  312.10
197004197010  255.45
197104197110  200.65
197204197210  210.13
197304197310  358.46
197404197410  422.40
197504197510  314.35
197604197610  250.94
197704197710  221.83
197804197810  355.18
197904197910  260.76
198004198010  231.99
198104198110  328.38
198204198210  123.40
198304198310  389.77
198404198410  308.61
198504198510  315.38
198604198610  290.82
198704198710  267.82
198804198810  396.05
198904198910  354.74
199004199010  421.37
199104199110  232.36
199204199210  258.22
199304199310  295.37
199404199410  115.98
199504199510  256.70
199604199610  325.32
199704199710  224.64
199804199810  436.98
199904199910  327.94
200004200010  289.63
200104200110  232.83
200204200210  118.72
200304200310  266.71
200404200410  214.75
200504200510  301.27
200604200610  168.59
200704200710  233.05
200804200810  212.07
200904200910  250.55
201004201010  370.34
201104201110  249.60
201204201210  179.22
201304201310  208.32
201404201410  216.40
201504201510  286.99
201604201610  453.23
201704201710  185.08
201804201810  143.84
201904201910  117.96
202004202010  313.95
202104202110  255.07
202204202210  495.09
202304202310  163.64
202404202410  294.75
202504202510  278.19
