190004190010  226.35
190104190110   95.06
190204190210   97.74
190304190310  156.47
190404190410  207.01
190504190510  126.36
190604190610  139.16
190704190710  115.37
190804190810  173.66
190904190910  190.15
191004191010  170.64
191104191110  109.36
191204191210   85.64
191304191310  104.60
191404191410   91.32
191504191510  163.35
191604191610  149.22
191704191710  153.68
191804191810  121.31
191904191910  119.68
192004192010  157.11
192104192110  168.13
192204192210  113.98
192304192310  164.09
192404192410   88.77
192504192510   89.74
192604192610  121.53
192704192710  121.19
192804192810   90.91
192904192910  115.51
193004193010  134.66
193104193110  182.26
193204193210  131.78
193304193310  129.95
193404193410  135.91
193504193510   84.05
193604193610   67.01
193704193710   95.01
193804193810   94.61
193904193910  139.84
194004194010   69.82
194104194110  154.10
194204194210  167.87
194304194310  104.61
194404194410   85.87
194504194510  122.95
194604194610  104.26
194704194710  151.55
194804194810  125.23
194904194910  123.82
195004195010  133.42
195104195110  143.93
195204195210  109.34
195304195310  139.22
195404195410  161.49
195504195510  217.42
195604195610  139.63
195704195710  111.66
195804195810  146.27
195904195910  118.98
196004196010  119.17
196104196110  105.32
196204196210  103.68
196304196310  162.94
196404196410  152.07
196504196510  130.87
196604196610  152.54
196704196710   92.21
196804196810  210.56
196904196910   81.19
197004197010  136.92
197104197110  116.79
197204197210   87.78
197304197310  207.56
197404197410  237.80
197504197510  170.09
197604197610   76.72
197704197710   83.32
197804197810  182.60
197904197910  119.44
198004198010  172.06
198104198110   89.66
198204198210   97.92
198304198310  117.24
198404198410  152.15
198504198510   94.96
198604198610  145.71
198704198710   90.76
198804198810  138.57
198904198910  129.27
199004199010  105.33
199104199110  123.35
199204199210  214.47
199304199310  152.62
199404199410   61.35
199504199510  135.65
199604199610  175.04
199704199710  164.64
199804199810  206.24
199904199910  143.44
200004200010  122.99
200104200110  118.07
200204200210   67.27
200304200310  117.67
200404200410  135.82
200504200510  149.00
200604200610  102.82
200704200710   95.15
200804200810  101.35
200904200910   89.77
201004201010  160.70
201104201110  160.02
201204201210   64.59
201304201310  146.75
201404201410  122.82
201504201510  113.63
201604201610  154.36
201704201710   95.39
201804201810   88.50
201904201910   70.17
202004202010   78.68
202104202110  109.77
202204202210  156.83
202304202310  110.71
202404202410  138.61
202504202510  126.76
