190004190010  129.62
190104190110  184.14
190204190210   32.66
190304190310  214.03
190404190410  190.77
190504190510  126.19
190604190610  175.27
190704190710  128.67
190804190810  160.64
190904190910  175.41
191004191010  165.82
191104191110  122.00
191204191210  195.72
191304191310  147.41
191404191410  149.52
191504191510   92.88
191604191610  228.71
191704191710  150.91
191804191810   87.38
191904191910   89.33
192004192010  309.71
192104192110  290.56
192204192210   84.59
192304192310  125.85
192404192410  186.33
192504192510   88.44
192604192610  109.96
192704192710  119.35
192804192810  103.87
192904192910  108.37
193004193010  206.86
193104193110  132.60
193204193210  127.58
193304193310  222.44
193404193410  172.68
193504193510  178.82
193604193610  149.45
193704193710   71.99
193804193810  141.31
193904193910  185.68
194004194010   87.69
194104194110  137.16
194204194210  162.63
194304194310  147.11
194404194410  127.39
194504194510  156.04
194604194610   33.38
194704194710  157.67
194804194810  101.71
194904194910  163.41
195004195010  347.69
195104195110   66.85
195204195210  192.69
195304195310   98.96
195404195410  221.97
195504195510  253.71
195604195610  238.50
195704195710  109.25
195804195810  164.55
195904195910  140.51
196004196010  114.18
196104196110   85.30
196204196210  123.45
196304196310  130.19
196404196410  172.08
196504196510   99.71
196604196610  124.42
196704196710  134.03
196804196810  182.25
196904196910  108.40
197004197010   92.00
197104197110  181.78
197204197210   88.78
197304197310  177.38
197404197410  145.69
197504197510  177.80
197604197610  113.71
197704197710  140.67
197804197810  262.11
197904197910  110.68
198004198010  108.32
198104198110  206.67
198204198210   81.62
198304198310  313.66
198404198410  170.79
198504198510  179.90
198604198610  193.95
198704198710  136.43
198804198810  202.83
198904198910  263.30
199004199010  284.83
199104199110   57.36
199204199210  119.68
199304199310  128.00
199404199410   52.29
199504199510  134.87
199604199610  196.33
199704199710   93.27
199804199810  294.30
199904199910  140.26
200004200010  225.81
200104200110   98.02
200204200210   59.90
200304200310  109.43
200404200410   84.60
200504200510  162.52
200604200610  201.19
200704200710  150.72
200804200810  118.74
200904200910   97.51
201004201010  275.53
201104201110  127.97
201204201210  146.01
201304201310   93.48
201404201410  102.47
201504201510   91.44
201604201610  254.04
201704201710  129.12
201804201810   70.11
201904201910   83.91
202004202010  108.04
202104202110  146.78
202204202210  333.73
202304202310   88.11
202404202410  126.22
202504202510  160.38
