190004190010  102.55
190104190110  106.10
190204190210   62.01
190304190310  145.35
190404190410  161.60
190504190510  131.59
190604190610  143.90
190704190710  142.17
190804190810  152.61
190904190910  164.11
191004191010  173.51
191104191110  106.59
191204191210  101.73
191304191310   79.24
191404191410   70.30
191504191510  122.23
191604191610  207.14
191704191710  155.24
191804191810  108.79
191904191910   84.84
192004192010  193.09
192104192110  143.76
192204192210  112.85
192304192310  132.78
192404192410   98.30
192504192510   94.21
192604192610  123.53
192704192710   95.47
192804192810   81.29
192904192910   67.75
193004193010  129.64
193104193110  141.59
193204193210  143.59
193304193310  108.56
193404193410   88.90
193504193510  124.69
193604193610   98.27
193704193710   79.75
193804193810  101.31
193904193910  115.48
194004194010   59.80
194104194110  112.70
194204194210  147.71
194304194310  106.79
194404194410   58.57
194504194510  121.60
194604194610   70.31
194704194710  141.78
194804194810   71.46
194904194910  124.10
195004195010  142.66
195104195110  140.66
195204195210  167.16
195304195310  108.48
195404195410  120.24
195504195510  197.63
195604195610  185.39
195704195710   77.01
195804195810  156.41
195904195910   67.31
196004196010  125.49
196104196110   81.07
196204196210  112.19
196304196310  137.70
196404196410  142.66
196504196510   92.72
196604196610  112.08
196704196710   54.98
196804196810  194.63
196904196910  115.71
197004197010  101.31
197104197110  118.77
197204197210   72.54
197304197310  219.22
197404197410  274.62
197504197510  184.69
197604197610  101.10
197704197710   71.87
197804197810  191.88
197904197910  210.30
198004198010  137.82
198104198110  112.20
198204198210   56.96
198304198310  114.93
198404198410  130.70
198504198510  106.55
198604198610  157.04
198704198710   86.70
198804198810  104.04
198904198910  136.32
199004199010  131.86
199104199110  103.94
199204199210  204.16
199304199310  153.66
199404199410   61.61
199504199510  130.21
199604199610  138.40
199704199710  118.13
199804199810  163.87
199904199910   91.20
200004200010  142.58
200104200110  177.05
200204200210   57.08
200304200310  115.23
200404200410  141.80
200504200510  143.33
200604200610   66.80
200704200710   75.25
200804200810   70.69
200904200910  112.63
201004201010  220.78
201104201110  105.52
201204201210   64.44
201304201310  122.03
201404201410  120.23
201504201510   98.24
201604201610  193.88
201704201710  109.65
201804201810   72.89
201904201910   59.09
202004202010  135.51
202104202110   79.99
202204202210  169.49
202304202310  110.41
202404202410   96.69
202504202510  102.41
